911062644
180971891
910601225
216718636
270116437
198726367
611709800
160819897
981621872
210811175
879021298
970961945
100172443
729196278
912106807
916270344
101926142
720699244
161929234
990012615
904111152
401967851
769491905
119104893
491769239
411960169
509161601
619500858
109671338
956701704
761015747
610179878
976500142
110591542
511910360
151060547
710165544
109711807
179511612
191750360
510110564
519011521
510610392
710109213
115097868
171101882
911007844
161519112
510962250
116072701
119561142
101195901
161709516
159110722
690521736
709526402
510160142
502107235
960121872
730109642
597113596
573611974
631001656
361501380
190617917
603170455
391016859
195301651
635117373
317060779
605170252
145916124
510617958
106419466
907051574
111054671
710119661
905140493
914017801
156017104
479016872
197505734
951176541
965101354
157156327
750111998
561715582
171565906
151590557
516790951
191575960
917005727
190615549
101576748
700191927
651706584
691071895
795101280
101579952
601961160
651716467
166197464
690561507
510679462
509176777
170169131
511017471
119757102
761790213
975101402
717610685
916710725
510711353
516019201
687510849
910870681
101915356
170915274
109650547
651178691
187691886
119805938
871110247
681700594
960709614
119751277
916901206
910609712
619171518
161059106
716501905
511069599
190160788
100199623
691119278
671016796
671019630
901017111
117090562
916167122
611691268
670019951
176960199
166119359
611019923
101067494
197106745
901116548
176690109
616901184
961116517
696110945
196711773
191667512
190101805
100197695
609071876
160211403
921117161
160971147
716209752
172109479
101626273
911662760
670091425
106601498
360110125
311960153
691010390
361607398
316001166
166113742
110016666
663971886
117006755
110069931
311100254
641167953
907101782
971610658
911604430
610910548
691740797
160604868
607149227
601610344
914016494
617010232
651109418
661075875
611005208
176109593
916001847
165076363
907015917
669105302
116060181
961506349
119606942
761961742
