774071422
774117988
410217291
172417745
147771593
201477429
147177852
711871108
782017942
718201953
871171649
217140295
421770267
727181196
274711193
187471759
721110694
121977859
971147399
179704188
471977683
401972542
927747413
711027183
714707568
724111926
110472719
718027572
111827746
821707319
771201665
714017252
418172922
127014682
470211744
180024279
108771251
147217972
147712782
417021156
712711102
207111286
421817239
120417647
181271941
112401157
210118362
218707534
418071338
817221559
747112686
148021989
108437231
110147698
127811194
741271913
747110612
311278293
871124363
718412309
471027469
271481486
420381674
771418725
718420897
872404297
442011871
181414273
477012533
741172807
771248247
412117278
728147845
711740287
418270683
425871119
527801356
711518386
511470399
142157309
128401374
708411682
181277851
874711493
621411971
421160598
811476348
167114647
801271975
741182296
784712842
108277372
241168712
101771436
201717236
271417224
178124168
781727218
117407215
770411188
172178758
711241563
482717375
120718742
128714295
771810745
401877485
107748277
418701378
111878156
718710915
280714512
171847466
117248107
481719551
102477597
171214422
847179341
298011825
978117353
849021802
109704251
171942771
794711837
910120813
711719726
721179884
271917689
291147574
110770494
971711807
114077301
149277949
779041131
714179919
791141338
249117258
191014809
710171173
147119267
291072494
221140518
214077134
217194485
707192849
277191513
742102382
177214165
112109415
417229408
793041367
171201615
741197583
349112319
130249261
774211378
771143179
791312107
772413399
742971698
912017892
717014118
711971287
141127458
742471965
121477424
412417607
440797406
901472367
115247962
151717446
727151793
917704745
719210258
297071309
257104146
750112803
412710782
712417404
917241676
161194591
620117749
911074797
717419785
711619515
210197568
172697966
741290232
411771399
271941838
217710206
490112668
472791378
121774477
714727551
101792297
177101438
181027358
289471214
218191757
114217273
721187943
197274633
470927698
871974672
179214668
708142616
174192238
792111917
914720813
911712141
470117397
214019573
904717671
921971939
517271241
700110334
701051629
170120312
110017146
120751916
112750575
170201877
125700246
120571473
171050807
711201268
117002194
772111952
721110608
100111565
170201851
700117778
211710251
701171426
125071768
177021946
702107164
722115279
251010426
750211301
171170949
711050153
172711939
117512306
251031126
770121321
537217813
237010974
137507207
715021235
251310387
711270538
710251513
572171849
154110812
417107129
772451568
745721932
210101852
410521506
417710473
271715968
150717437
717510916
110071366
155107346
701501432
575100455
211715249
510177595
151251724
512577665
175006133
721175543
106171626
576700197
110577565
162151554
267057395
270517743
611127224
560011326
506117188
721105207
171572656
757100754
715170575
177157738
100752672
177500457
707211885
275111108
177710138
112077406
170081428
117017324
211085666
105210471
527811582
127105175
710571283
712081322
100815363
587210116
517082254
112001921
710072179
121070204
951771771
501171816
900271138
719712368
191172597
110291141
110117683
510201364
170217539
210075652
205110748
152071948
112015203
112170853
210770735
107151172
115720735
157172184
715721644
727111175
572011356
172101829
751171784
111750576
111711652
110572409
117112195
111202964
227110955
712107154
172517596
277125456
271112179
131571769
711571638
703271451
150121817
113157594
117213779
211307831
537702887
110213377
750112791
111042117
117274211
157120921
251071473
141721345
151710654
710411706
745112402
510111716
127411123
570275177
515771559
175111875
171052826
711115109
172075976
217101551
215511268
705111484
507121265
170511377
111517856
175011527
710151455
120751535
511117474
751161868
116175628
116120673
161707166
601771525
170111303
111201283
510772405
501271614
717217148
177027682
771501773
751170891
121717222
517217116
527101126
785210733
101787799
810571392
117502719
821150977
101112658
218157891
117715199
111821635
711851887
717115179
127115689
170711254
201791213
571179926
197175112
117957606
109172239
211779516
271015642
211712149
215117853
750171523
211271909
527711212
517170294
277025819
210521719
125277131
701217866
212170907
712101934
121120329
177201805
702127793
107125161
101522745
110115937
571720882
102215931
211027114
127252237
172512415
571222494
721207289
127271957
520217777
271252562
270721932
717152466
271127707
751301224
102327787
102173599
121350184
227157631
371271433
730712866
272031958
175322307
711721737
451022294
501272771
112207981
422757333
111452363
751472392
171540498
157012344
221574313
527721842
515171575
115071997
722171663
517207382
712157527
771502979
171155589
521257679
115717957
712765459
751026334
121725566
562077715
176275241
217110167
775212845
701217104
577121851
751771329
712751871
172112457
107571544
772107591
121257559
215717702
221105299
520771728
107725615
712172429
211072233
717215591
811720241
120572963
181771882
217518764
520781217
281211345
712112759
791150573
752970857
577912873
711975505
192071818
715211741
207151871
271029514
121912717
792175811
750132797
251137885
231051192
517210784
321077612
270501222
121317188
200517714
110521485
357171208
177231862
115321537
511717282
730512178
175327502
573712839
125771167
211530692
771201894
117350289
273111367
215113576
157011877
513271469
172101914
717210358
131102987
103711659
723120432
521771118
157231377
715032871
135170938
121571569
715103346
150321443
107725605
207133424
131371252
371471694
115127354
511401268
134517488
151213495
311752698
451120851
477205145
711542187
351770151
740152706
723105212
717515738
355271475
315711311
217155327
751317364
170255228
115250336
113071687
173127914
312071352
577160597
271151618
516171702
711230946
623177269
115737808
162351669
737105495
171350166
211751609
110732564
775127957
301175458
571701267
277017106
137112674
102375491
117713195
738021599
801271559
170358529
112135264
708213911
178131433
207111768
571218497
271108951
810721118
175703278
921307186
577131455
711527922
931727693
791501206
157121996
750192583
217910491
101517672
172571723
217470586
101507695
742151725
714511566
401705464
115747298
271150517
172150918
410712755
110175206
471115941
124071935
712471671
751211957
170451924
171405617
117572435
112741762
101275965
124015329
715120387
172241603
571122924
271401488
171472197
412027853
471172135
172701611
271141773
121217687
714172417
405131854
542371627
147720382
274513929
471117873
707342778
432011267
151447828
771151712
715024943
771442118
771244172
175124356
215711535
115402915
471417976
145720639
271511365
775542353
117512849
575101551
720175948
741210948
721117647
711155374
501171151
171416846
701215949
107251167
112154635
706251942
161147769
142610234
217114227
117021197
167112618
717047255
541171616
170421759
717127289
110774147
771571541
541727492
152701361
572477558
247101451
701851918
251871892
547117194
712158795
801254856
457121815
172408993
518101685
210954298
921750482
151779531
114702826
291417402
254179743
117095314
579712846
291117555
111249584
501151727
115770276
107705759
701721488
517217951
155707471
775111429
717215793
751572921
257115493
115012114
105511633
715125745
511501352
717511176
251015697
211055284
171150197
125072554
512701673
711551234
277521426
105152924
252107602
577121994
105517749
717535899
115105452
135715304
317151839
105527343
535021517
757012734
712375994
151573541
132105204
247115741
514521308
475021851
417512818
117547218
712554338
114015253
154751589
251574785
702155837
515207828
171207396
127105193
757512818
110512174
107125523
125557323
775101431
155207222
215717233
165257505
575621469
111077351
162501304
175115162
126170395
752711304
511712412
775517732
110557544
170511762
715102726
155727713
157157627
177270125
712517628
107127398
217515528
521150657
827151478
572157103
557127711
711157331
125517355
587210745
501811994
770529204
129011241
711529947
115770686
757019423
705911623
710192278
179507818
251571659
757102135
102975159
170612341
177651996
275106359
611705751
717260398
517710322
562711159
651077847
107152197
712710583
501021904
717062144
121705239
151617356
271711281
116172779
671215707
571711107
156772774
110151363
711171355
121652174
272601784
271012602
776150289
126025664
277151393
717051679
570611157
712536751
561217813
177161767
216701622
712571828
351112311
651107197
711531968
152737601
173170868
750114565
152067979
561747894
410727446
761714114
211057337
757264664
672511851
776111285
711201903
762011378
765105155
565771856
515176624
515117538
557211143
512071835
176051797
177611928
701655123
561016184
172176951
710621842
711567988
712667849
167511922
261101927
601675911
265117752
706116964
217075825
772156202
757716995
751621567
105771647
712015482
765101431
611177694
261077757
701127552
118677225
512781261
107268454
560781439
211156779
786125384
501612971
682751232
710126412
821767366
162190212
721619226
116207753
115021465
129707489
719570422
657092383
675712523
751207746
161195156
112770187
715107293
117077334
711250895
211571621
702151955
770502682
100112136
750011179
112717229
715177546
715712252
711217102
107211587
720771921
171511755
110751395
107175803
171201502
117125576
772217855
115721827
715170209
721720912
711707377
251721733
175212326
202115145
771712644
120715656
711507772
717711365
777113448
315177946
172301422
770117861
130171665
713275226
773571228
717103723
177120777
540727975
214577149
115472391
172145894
457111286
727715452
714157692
257701941
277014534
705277854
752151808
771552189
577721168
571127937
717027739
715752323
775211768
171525631
160175478
776271721
106271481
105717482
601751317
171707469
171775796
712651683
775267584
617702295
751167471
771277358
171521207
717271415
771771939
171771688
711277859
177171526
171271456
715177515
157707738
712071542
271870129
717151819
701118329
111702229
511871447
110757383
258111157
801172482
192517265
117072179
129770915
191271147
110521575
771217855
529107525
179101927
170177118
775112236
707011911
757181862
571118126
110205375
785021652
801077738
250711108
127107851
178250436
712181325
115811498
711152253
112517784
105117967
511701379
712571386
117120721
512170244
111572567
127825868
728251532
510211801
501727343
118022655
125207965
121807763
771152427
187105592
738721775
582173114
151723356
772110636
277810448
701321337
113702459
137075661
717510783
178115699
170141167
701145123
727015175
850477503
117241712
141802671
511014638
757428774
518041179
527581937
125177534
517217728
850715272
280151107
812157537
511810126
857107728
172557135
702178468
168150886
587710999
271157237
125618211
821157904
251017739
652711776
271678351
118717138
182177592
825177872
578107266
118507994
752071772
787511737
271178518
281117568
571178291
775178509
857180884
118871757
508271529
118210765
188077353
715780153
827115809
117701513
778115553
219081926
211079685
192518832
891101238
805771521
750798174
150171813
511927699
715027537
179082175
175017979
707110175
175191801
512110827
710501363
507172635
197120547
705711957
201071687
711270105
971125887
971501865
527171762
215790516
971117854
211951268
701117498
120971814
115127721
917251548
921115809
770292285
519712255
592121276
715971825
920271496
207119237
117225734
212171862
971512347
795317359
953171926
931207803
509121545
110321731
129011812
579137642
271074416
121490633
297117232
157972372
172059818
701251763
945217105
917270873
511772894
911072539
751021503
112910661
977211808
711502642
511719658
770151217
715519213
279055343
176120863
195276806
112751511
251671552
111652552
171096935
717561666
772015261
751769867
726115581
977502778
911705159
711257485
579717177
791171657
279715863
119077359
157017885
917127837
129577542
197711589
710891103
925071315
197215202
121590514
157972865
159870601
191857725
219077367
219851731
129177626
799571376
720159581
711219825
112995705
152710739
917219707
177912194
701621931
200177997
101207333
101627735
101027954
217700618
612011906
610710961
207710373
710276289
171612957
211107781
171201939
102016883
701111726
211076217
127001577
216117163
116211333
217116883
106127943
211760943
670021151
212077239
717611394
120106923
121601238
117620959
107162284
117610421
711021541
317711726
211707205
310116997
120171323
311170663
717210917
717214674
141761424
102410373
116704171
611200354
241011163
614007734
107171528
407621896
725106266
177250607
151207835
770216628
105601129
170610708
726057796
207601858
711075412
126710839
760110864
700112329
760121224
667127195
160217525
172601355
716106617
172766385
761217358
610160828
670770396
721600347
176771725
177060256
771702432
271171774
277106372
112770929
717110186
170177563
170672279
211601238
172701423
761102547
607072544
120118873
110716595
780117406
717120757
106278496
761201586
190176886
610072947
771126667
927061271
719107477
176092567
171270205
761179124
672070198
721711379
771161337
160171707
761211976
101011253
121017836
721711815
112011756
710211178
121617912
201117385
111617713
161117173
710112603
111761323
671117199
112671679
711621818
111107533
112717266
116072147
211716472
601271908
271711204
177226334
262111239
211772817
110721234
711631119
261031758
117321326
117601107
307112942
267301285
601277832
237611381
106121126
214171318
161171752
704611426
471110948
261071216
112017213
402111312
146102583
276411828
114716294
627011951
176211496
761017617
171526569
116257973
210651915
110171981
117250314
671510964
611161667
126116213
170716449
721611768
671601282
216071311
216171215
671217921
107116814
707611222
771121406
767171426
617127205
711771331
677117193
127607844
607171612
110171121
671171361
710717814
217861622
106187282
726811773
871761458
276801647
617171667
727110462
867110127
117267745
281716442
171291843
710162521
707116193
269171975
792711688
217709676
179170509
170711722
177920326
270171569
711160954
161702512
167102838
172106448
210601642
171172686
106171139
201216245
212010821
717120508
617120444
716112439
617217538
217011255
760111971
126772245
717161853
701126539
261117997
117107653
121267887
262177725
721762301
712110235
222771132
722271851
212117558
761110326
210772928
121310749
717312656
732167229
717216279
170211888
112601717
717302965
367111763
237011482
167172576
421277151
421621239
702214972
270161319
602177255
211776801
211621505
627127747
401677758
152672578
701627837
216170787
127760163
611752593
172611648
772561777
167710896
210275747
270111672
611260769
712620543
616127809
271107668
176270599
627161891
672611803
271701136
616270842
266107412
617272642
112672225
127201968
776112528
712210465
177211417
117127866
277011239
122716529
217710268
101127646
622111541
711860662
167810708
762110181
771026771
677021632
711027641
116712713
281716826
211279206
912021438
201129622
762901532
917162549
767211563
172726649
711290436
721911459
302176656
170260397
201771495
307120998
126377832
701762252
170267315
127306252
731112181
677310747
716113512
113112596
711206142
110211755
171311453
137107727
111602827
103267611
710762511
621113673
112217178
721603856
217603631
726132316
106722693
110273831
137261585
720112707
322011555
362121728
623172283
161723131
116307772
132367231
271301807
631720736
121370906
630717133
213730139
124731822
147136458
770134682
316271735
670121359
301147699
467317394
114367994
136107419
112617919
271153587
132701211
711605314
110157889
151707947
153621164
527361128
367115862
737012763
711521387
207636347
116170481
172016162
773160224
103766178
761261309
271013731
736127889
126716741
763211365
713076142
711321165
707621974
271607215
360721605
371611948
717601998
716721488
161721246
717230515
261101471
771671317
113870884
171102944
813617285
268173826
611370271
217718154
731108231
176197916
123711482
263107727
217691467
771260748
902371111
603911978
162017769
163110484
111367125
713716136
117246141
110126707
761701104
711014835
776124826
711170253
410120661
107246316
117701773
201407126
161247533
106117502
116217832
460171777
417021383
620417302
167041467
171062879
147116211
117721212
761112274
172074832
216711769
271264311
217411393
711762384
124101636
426112446
614271364
171413675
672173403
217161551
104126667
112417862
711346518
714126119
647702261
471260101
741120195
427071896
714011921
621771807
717061757
476170389
741072199
420611951
472411653
142064796
111442368
176075407
711654957
421617737
750117461
621745191
705172542
511776119
117762375
654727709
116064273
146211696
764112744
261706194
717112451
176121735
167741415
127076278
664127323
726114612
674110691
176427494
604717794
711077899
707126159
761120662
621017885
771112376
101827863
402811836
821141968
161742215
814117882
741126933
787412982
182017165
478620905
867120429
117841385
472760202
417619885
914207706
701161875
740216621
617149793
614129285
174692501
611219551
617791926
127011204
627711164
175210537
720561182
261177217
507017512
102705355
271601133
111007197
107510991
110711547
267110932
125160611
517117741
171261189
761115388
517067584
716710948
115710892
161517115
720151318
527601933
160571552
517026266
261711492
772121904
111706843
211061607
172126525
217160458
365172969
713160944
671231305
211573463
307711953
113717772
177016237
271706981
157161163
150211968
117260699
521417779
610451603
111207543
211754268
451617161
261171546
151721867
154267701
611241378
112401283
717605521
651177861
116775534
565112562
207111894
216075568
706271858
176520102
567011681
217617623
112701323
606257536
766251891
650711391
721716156
160562563
201617138
161071238
752116863
177561252
117120366
727561307
765701648
157172783
260777881
201671423
775201899
161708564
117561949
251711435
610712152
871250261
760711832
571216802
621710971
717068423
216019824
261175527
529701717
915077258
117261521
219651286
796251117
791015243
169271615
165912293
701601547
276160453
701217132
607110176
616702668
611076103
711602961
177100851
106711556
766127856
701161231
261761286
170167104
117617454
171016726
601112565
627111362
611677418
611767973
217611955
671722715
162701979
221116718
711620772
661217442
661077294
617271781
176627249
316021688
231661807
763711636
712761471
766201177
107137127
201117211
171723525
310172874
601621937
677161264
760417106
664112382
172664222
106762516
716421844
161771152
677401346
761417517
560721996
611725894
651720667
706511596
521660626
276111642
112615445
712171397
611676927
161661343
611676582
611716919
171176689
266771427
126661205
717617975
106716432
101127287
167012343
160117284
172716215
711267641
162617867
177076815
762117809
781620825
271618953
670781261
711801702
178626327
816761783
161760858
176187526
197661316
761129309
776216359
790676264
970166417
961011157
106962735
629106549
219770684
106777228
170071111
116701333
617100775
127717131
101772262
270171843
116770114
176127779
167171687
127701278
761107808
117012502
777011551
171271969
101777545
712110751
171627733
727160335
216717141
170111875
761017394
212117369
277162251
722611633
116217722
117271322
121172244
117727806
671727962
173077613
717361601
273711783
117370189
731216607
721310762
162710784
177716606
110723489
716107977
706113337
741701947
270116339
472167167
621014669
177174413
217167305
246717163
127711185
711715906
171567959
725110954
120771202
715201356
576077487
762171769
751772146
110717246
176611274
767171372
661170826
176011574
112067812
177172982
171716673
117767273
671171197
712067187
277717727
177176167
177701665
117160795
117027405
771027644
720776546
277107736
717067544
711720708
171786694
177710906
287176882
860711161
161717809
271170294
807712626
817162743
106812402
671771526
717907188
677211392
720677628
176097755
791671363
177176951
707291691
207177326
760271553
871602817
172081306
116078651
816271538
271160315
110727936
810210519
672811811
677211886
117018303
860117383
708116405
811072563
187216257
161177746
702611186
727110886
872617956
821170987
178226811
771128308
110812851
272687562
682171746
712710635
121876225
118760148
170826293
711608802
837111119
318612102
181613986
126371703
673187557
117728529
186327686
837671797
167827514
727111316
174817746
177114687
111247919
271471811
714167474
721418127
715502841
115207867
101255634
